0.000000000000000000e+00 8.755696635530206606e+00
1.000000000000000000e+00 5.855734760570006969e+00
2.000000000000000000e+00 1.171242976100720057e+01
3.000000000000000000e+00 1.190543194306811792e+01
4.000000000000000000e+00 1.616616928806271858e+01
5.000000000000000000e+00 1.460673615893901811e+01
6.000000000000000000e+00 1.191875049574191259e+01
7.000000000000000000e+00 3.093335934525225994e+01
8.000000000000000000e+00 2.402939630987147623e+01
9.000000000000000000e+00 2.771962026361898879e+01
1.000000000000000000e+01 3.526992896604255634e+01
1.100000000000000000e+01 4.015914799892890130e+01
1.200000000000000000e+01 4.402998777485827731e+01
1.300000000000000000e+01 4.372377175929327819e+01
1.400000000000000000e+01 5.144880161955186537e+01
1.500000000000000000e+01 5.120012099301624886e+01
1.600000000000000000e+01 4.746796626852328416e+01
1.700000000000000000e+01 5.802525040317932081e+01
1.800000000000000000e+01 5.570188766849420858e+01
1.900000000000000000e+01 6.247740163208783315e+01
