2.500000000000000000e-01 -1.280000000000000000e+02 1.638400000000000000e+04 6.400000000000000000e+01 4.096000000000000000e+03
2.999999999999999889e-01 -1.280000000000000000e+02 1.638400000000000000e+04 6.400000000000000000e+01 4.096000000000000000e+03
3.499999999999999778e-01 -1.280000000000000000e+02 1.638400000000000000e+04 6.400000000000000000e+01 4.096000000000000000e+03
3.999999999999999667e-01 -1.280000000000000000e+02 1.638400000000000000e+04 6.400000000000000000e+01 4.096000000000000000e+03
4.499999999999999556e-01 -1.280000000000000000e+02 1.638400000000000000e+04 6.400000000000000000e+01 4.096000000000000000e+03
4.999999999999999445e-01 -1.280000000000000000e+02 1.638400000000000000e+04 6.400000000000000000e+01 4.096000000000000000e+03
5.499999999999999334e-01 -1.280000000000000000e+02 1.638400000000000000e+04 6.400000000000000000e+01 4.096000000000000000e+03
5.999999999999998668e-01 -1.279956126542426205e+02 1.638291193825217124e+04 6.399890316356065512e+01 4.095861798608642857e+03
6.499999999999999112e-01 -1.279952064185243472e+02 1.638281119179403868e+04 6.399880160463109036e+01 4.095849002183516859e+03
6.999999999999999556e-01 -1.280000000000000000e+02 1.638400000000000000e+04 6.400000000000000000e+01 4.096000000000000000e+03
7.499999999999998890e-01 -1.279924440156400749e+02 1.638212611587873835e+04 6.399811100391001872e+01 4.095761986492662345e+03
7.999999999999998224e-01 -1.279735134311684419e+02 1.637743133092977223e+04 6.399337835779211048e+01 4.095165673081805835e+03
8.499999999999998668e-01 -1.246197938353729739e+02 1.555950463616513480e+04 5.140291474127862870e+01 3.132277743360585191e+03
8.999999999999999112e-01 -1.279447925658863596e+02 1.637031391865129808e+04 6.398608642664906654e+01 4.094247783476362201e+03
9.499999999999998446e-01 -1.279285025135835099e+02 1.636626862336870909e+04 6.398212562839587747e+01 4.093747829177880249e+03
9.999999999999997780e-01 -1.278318184126339361e+02 1.634229194129893949e+04 6.395793429137256680e+01 4.090699883207230869e+03
1.049999999999999822e+00 -1.277156151050204187e+02 1.631353949846770956e+04 6.392702023030167169e+01 4.086820594793267901e+03
1.099999999999999867e+00 -1.273551820443812517e+02 1.622540606306809605e+04 6.368652820799268710e+01 4.059282018991519635e+03
1.149999999999999911e+00 -1.241431992581194095e+02 1.544476613437414017e+04 2.833616973575599474e+01 3.216588205321566420e+03
1.199999999999999734e+00 -1.260806690122890217e+02 1.591549036765080746e+04 -6.114170618530416590e+01 3.821394972209474417e+03
1.249999999999999778e+00 -1.268193977555476550e+02 1.609328634540191888e+04 -6.365571522876148691e+01 4.053233778499974505e+03
1.299999999999999822e+00 -1.246913625714841061e+02 1.558026046302263967e+04 -4.546205076266765133e+01 3.572494572834504652e+03
1.349999999999999645e+00 -1.263693864510114082e+02 1.598346968919244500e+04 6.349269335121149282e+01 4.033502686961167456e+03
1.399999999999999689e+00 -1.228459583961659973e+02 1.514052263008944647e+04 4.952632774897229417e+00 3.390460038422607340e+03
1.449999999999999734e+00 -1.241113457893311676e+02 1.544460113728675788e+04 -5.851574329813160347e+01 3.681288708367181243e+03
1.499999999999999778e+00 -1.217344266410074027e+02 1.487416073296238937e+04 2.742670376103417951e+01 3.325050202903401441e+03
1.549999999999999822e+00 -1.205699747228601098e+02 1.459678051842918285e+04 -5.353503279419782501e+01 3.134923292967007455e+03
1.599999999999999645e+00 -1.135127627472459295e+02 1.298181559638716135e+04 -2.661622884070851214e+01 1.762866585370894654e+03
1.649999999999999689e+00 -1.157401498018548835e+02 1.348198501981451045e+04 -4.623067825798285924e+01 2.517815631678320187e+03
1.699999999999999734e+00 -1.164695999999999998e+02 1.367423199999999997e+04 -1.375919999999999987e+01 2.966096000000000004e+03
1.749999999999999556e+00 -1.082746000000000066e+02 1.184062639999999919e+04 -2.273549999999999827e+01 1.474443400000000111e+03
1.799999999999999600e+00 -1.082971428571428589e+02 1.185541806047966566e+04 -1.842982273201251298e+00 1.691103524504692359e+03
1.849999999999999645e+00 -1.048709430104778875e+02 1.111184783322989279e+04 -3.406848964988499873e+00 1.216442262056880054e+03
1.899999999999999689e+00 -1.020360000000000014e+02 1.059306879999999910e+04 1.037679999999999936e+01 1.308800400000000081e+03
1.949999999999999734e+00 -9.596620000000000061e+01 9.362195999999999913e+03 5.375399999999999956e+00 7.270195999999999685e+02
1.999999999999999556e+00 -1.017428868022460193e+02 1.051597244373141984e+04 1.223989052989194581e+00 1.261364318407021074e+03
2.049999999999999822e+00 -9.881542797453634819e+01 9.914286998167090132e+03 -6.135714144937819414e-01 9.862392242653579615e+02
2.099999999999999645e+00 -9.671479999999999677e+01 9.581116799999999785e+03 1.211710000000000065e+01 1.049493799999999965e+03
2.149999999999999467e+00 -9.501461179318692984e+01 9.247289987895555896e+03 3.647674217534151886e+00 9.766678194708629235e+02
2.199999999999999289e+00 -9.938039999999999452e+01 1.014928640000000087e+04 -2.680529999999999902e+01 2.118319399999999860e+03
2.249999999999999556e+00 -9.033119999999999550e+01 8.382259200000000419e+03 -7.930900000000000283e+00 8.868193999999999733e+02
2.299999999999999378e+00 -9.183960000000000434e+01 8.635976000000000568e+03 -1.208779999999999966e+01 1.457097600000000057e+03
2.349999999999999645e+00 -8.829059783760864377e+01 8.013315030739877329e+03 5.979568581725673404e+00 8.937523319906720189e+02
2.399999999999999467e+00 -8.678979999999999961e+01 7.787157599999999547e+03 1.832500000000000018e+00 7.992989999999999782e+02
2.449999999999999289e+00 -8.419242360346831333e+01 7.299008999928000776e+03 1.372926159447867223e+00 6.335349454347222036e+02
2.499999999999999556e+00 -8.323199999999999932e+01 7.160384000000000015e+03 -4.338799999999999990e+00 5.482300000000000182e+02
2.549999999999999378e+00 -8.007820822726591814e+01 6.632916764712173972e+03 4.309046569833358653e+00 5.797739748005219553e+02
2.599999999999999645e+00 -8.063357272512035934e+01 6.748092705127193767e+03 -8.995448925367638182e+00 6.652745113513798287e+02
2.649999999999999467e+00 -7.370359999999999445e+01 5.666766400000000431e+03 8.624700000000000699e+00 5.340525999999999840e+02
2.699999999999999289e+00 -7.584739999999999327e+01 5.995312799999999697e+03 -6.932400000000000340e+00 3.949304000000000201e+02
2.749999999999999556e+00 -7.366371965553223333e+01 5.671200889836824899e+03 -5.599229419656678530e+00 4.811459630534246230e+02
2.799999999999999378e+00 -7.450839999999999463e+01 5.752752000000000407e+03 4.065000000000000391e+00 3.908340000000000032e+02
2.849999999999999645e+00 -7.191759999999999309e+01 5.408688000000000102e+03 -1.023200000000000109e+00 4.374540000000000077e+02
2.899999999999999467e+00 -6.907169063857564595e+01 5.023694600130551407e+03 2.060863889076462563e+00 4.038573840232291445e+02
2.949999999999999289e+00 -6.697173823053475417e+01 4.724672612551587008e+03 -1.494624869855367022e+00 3.582585330975049942e+02
2.999999999999999556e+00 -6.711459999999999582e+01 4.745087199999999939e+03 6.976899999999999658e+00 4.431949999999999932e+02
3.049999999999999378e+00 -6.433362932116720856e+01 4.386926237790501546e+03 1.113873664227318594e+00 3.186259224103616248e+02
3.099999999999999201e+00 -6.256020000000000181e+01 4.141435999999999694e+03 9.429999999999999494e-02 2.900233999999999810e+02
3.149999999999999467e+00 -6.387839999999999918e+01 4.300508799999999610e+03 6.201999999999999957e+00 3.092864000000000146e+02
3.199999999999999289e+00 -6.326100000000000279e+01 4.293923999999999978e+03 3.314700000000000202e+00 4.185733999999999924e+02
3.249999999999999112e+00 -6.139752066115702434e+01 3.993988760330578316e+03 -2.578388429752066280e+00 2.727065289256198071e+02
3.299999999999999378e+00 -6.007540000000000191e+01 3.847984800000000178e+03 4.020000000000000240e-01 4.152192000000000007e+02
3.349999999999999201e+00 -5.786651861651861850e+01 3.591723870723870732e+03 7.589066339066339317e-01 2.684206671706671727e+02
3.399999999999999467e+00 -5.651886074879567445e+01 3.424018255063808283e+03 -1.615629489816040820e+00 2.403212665859086599e+02
3.449999999999999289e+00 -5.552340000000000231e+01 3.303631199999999808e+03 -5.606700000000000017e+00 2.974470000000000027e+02
3.499999999999999112e+00 -5.461780036486838696e+01 3.231688124402745416e+03 3.051863434975241041e-01 2.727350360524715711e+02
3.549999999999999378e+00 -5.341221189986525530e+01 3.104618849726969529e+03 -6.444649315651371779e-01 2.851078930572300010e+02
3.599999999999999201e+00 -5.084777211551025999e+01 2.810213511041421498e+03 2.060107147523846827e+00 2.244799425062067257e+02
3.649999999999999467e+00 -5.311039999999999850e+01 3.066862399999999980e+03 -1.231800000000000006e+00 2.688831999999999880e+02
3.699999999999999289e+00 -5.191588974462910500e+01 2.927099310903931837e+03 -1.309586542359140626e+00 2.782886096473449697e+02
3.749999999999999112e+00 -5.392499999999999716e+01 3.138194399999999860e+03 2.426000000000000156e+00 3.243455999999999904e+02
3.799999999999999378e+00 -4.895120082909025427e+01 2.646861983508313642e+03 9.561348172847293769e-01 2.817581669895913024e+02
3.849999999999999201e+00 -4.820413102086738633e+01 2.583573906213513965e+03 -8.733733839981319136e-01 2.592359521939414435e+02
3.899999999999999023e+00 -4.763819999999999766e+01 2.498957600000000184e+03 -7.855999999999999650e-01 1.937847999999999900e+02
3.949999999999999289e+00 -4.541833425126981183e+01 2.297125757297595101e+03 1.368429104705954247e+00 2.161551312649164629e+02
3.999999999999999112e+00 -4.621959999999999980e+01 2.416652799999999843e+03 -8.999999999999999754e-04 2.248001999999999896e+02
4.049999999999998934e+00 -4.453105315661963459e+01 2.220033404588855774e+03 5.614935157474704175e-02 2.293377796779250275e+02
4.099999999999999645e+00 -4.513540753212436130e+01 2.268041483975820483e+03 -1.651151098483519819e+00 2.623073883101242814e+02
4.149999999999998579e+00 -4.417323772752344269e+01 2.192659062327633819e+03 3.221180364037506960e-01 1.965873138444567019e+02
4.199999999999999289e+00 -4.341280239335637248e+01 2.124133326455872520e+03 -3.241759942229329172e-01 2.130278640325991546e+02
4.249999999999999112e+00 -4.372919478182635800e+01 2.144196491228070045e+03 -3.931324036587194315e-01 2.099557354925775883e+02
4.299999999999998934e+00 -4.103902083097824516e+01 1.913190376848530832e+03 -1.396302424286022692e+00 1.961714984533486756e+02
4.349999999999998757e+00 -4.141579999999999728e+01 1.949637600000000020e+03 2.300399999999999778e+00 1.698971999999999980e+02
4.399999999999999467e+00 -4.155154787805709304e+01 1.953847702429945684e+03 4.770242994573907769e-01 1.953762352879498678e+02
4.449999999999999289e+00 -4.053637962200115652e+01 1.881026327115330332e+03 1.187757460988896119e+00 2.072624964647147863e+02
4.499999999999999112e+00 -3.931120922945449081e+01 1.770877497377995951e+03 -1.169271406559542203e+00 1.942484235604873675e+02
4.549999999999998934e+00 -3.843820987374994047e+01 1.718135300239829803e+03 -5.262229060138468029e-01 1.834654056744649040e+02
4.599999999999998757e+00 -3.804497575139777155e+01 1.678729558582769641e+03 6.606122385938899555e-01 1.730231983442992600e+02
4.649999999999998579e+00 -3.795687493250458999e+01 1.670872364679201837e+03 -1.703884135878760194e-03 1.647957858865597132e+02
4.699999999999999289e+00 -3.675939999999999941e+01 1.602836000000000013e+03 -3.464199999999999946e+00 2.267612000000000023e+02
4.749999999999999112e+00 -3.720626939948182610e+01 1.620880075930533849e+03 2.199420260113382763e-01 1.878464971910833015e+02
4.799999999999998934e+00 -3.681814155834006641e+01 1.579066871597155341e+03 -2.981217599708234633e-01 1.609156224763591752e+02
4.849999999999998757e+00 -3.551641275139979115e+01 1.485713365768197264e+03 -9.513595416503900504e-01 1.482654923825419928e+02
4.899999999999998579e+00 -3.571002822349853290e+01 1.493322596561864657e+03 1.982315905816409041e+00 1.851034401089466428e+02
4.949999999999999289e+00 -3.547989341677463671e+01 1.470073288190285211e+03 -5.001588970102916615e-02 1.775955215488791623e+02
