||CHANNELNAMES||	"Abs-B"
450 0.0547825169744381
452.008032128514 0.0552445766008251
454.016064257028 0.0618995716571368
456.024096385542 0.057215053412935
458.032128514056 0.0611285877621369
460.04016064257 0.0611603434891933
462.048192771084 0.0621381782000864
464.056224899598 0.0620552335769756
466.064257028112 0.0644723801107018
468.072289156626 0.066723890792485
470.080321285141 0.0685492201747531
472.088353413655 0.0731471249970728
474.096385542169 0.0721372655744705
476.104417670683 0.0729997317056913
478.112449799197 0.0781903229732907
480.120481927711 0.0790044348952188
482.128514056225 0.0784856906934262
484.136546184739 0.0823617053612977
486.144578313253 0.086996506288043
488.152610441767 0.0894755923223121
490.160642570281 0.0928554384941042
492.168674698795 0.0960781271617702
494.176706827309 0.100625739852001
496.184738955823 0.104749677521152
498.192771084337 0.108251293680657
500.200803212851 0.114516530047125
502.208835341365 0.122364424110613
504.21686746988 0.125688532995937
506.224899598394 0.130773229548259
508.232931726908 0.134367720196141
510.240963855422 0.142707183041588
512.248995983936 0.151707068402974
514.25702811245 0.159607896552675
516.265060240964 0.16434339936073
518.273092369478 0.16980045235623
520.281124497992 0.179901003721807
522.289156626506 0.190162974633405
524.29718875502 0.196569406120805
526.305220883534 0.206735297303241
528.313253012048 0.214664345823331
530.321285140562 0.226302534990238
532.329317269076 0.238794776040623
534.33734939759 0.248518550401081
536.345381526104 0.259692111288687
538.353413654619 0.270072687457467
540.361445783133 0.283366057748326
542.369477911647 0.293857866953987
544.377510040161 0.307228690679989
546.385542168675 0.320809703849215
548.393574297189 0.33364474293299
550.401606425703 0.345366487863489
552.409638554217 0.359041774543009
554.417670682731 0.372303334276232
556.425702811245 0.382302581198738
558.433734939759 0.396876855814059
560.441767068273 0.408734744430571
562.449799196787 0.420492811649778
564.457831325301 0.432988200510958
566.465863453815 0.443686830658687
568.473895582329 0.455719175261572
570.481927710843 0.46625631351747
572.489959839357 0.479056954842297
574.497991967871 0.490842836469784
576.506024096386 0.501351564075972
578.5140562249 0.50871933387085
580.522088353414 0.517760833751232
582.530120481928 0.527847764715818
584.538152610442 0.537840578514406
586.546184738956 0.544250777066134
588.55421686747 0.551155959291338
590.562248995984 0.555453337463489
592.570281124498 0.565760834442372
594.578313253012 0.568663556713684
596.586345381526 0.572039440984518
598.59437751004 0.576386003826937
600.602409638554 0.579867412187775
602.610441767068 0.580856213391985
604.618473895582 0.585150779401286
606.626506024096 0.58138673562645
608.634538152611 0.58265479090778
610.642570281125 0.580132841408862
612.650602409639 0.575744114659357
614.658634538153 0.572420268653422
616.666666666667 0.565784246935362
618.674698795181 0.563245652781551
620.682730923695 0.557009506516607
622.690763052209 0.549413132769631
624.698795180723 0.539012037190665
626.706827309237 0.527139480345667
628.714859437751 0.518375689791369
630.722891566265 0.507841453046555
632.730923694779 0.493608926778016
634.738955823293 0.477096432249974
636.746987951807 0.469136615698158
638.755020080321 0.452646207130006
640.763052208835 0.439214086804853
642.771084337349 0.420244995124002
644.779116465863 0.404730000728293
646.787148594378 0.386709064290254
648.795180722892 0.366637041052243
650.803212851406 0.350387778147165
652.81124497992 0.332040130608772
654.819277108434 0.312507862733219
656.827309236948 0.292618444581212
658.835341365462 0.267336828020297
660.843373493976 0.248792554005865
662.85140562249 0.225003710258093
664.859437751004 0.208854028463758
666.867469879518 0.188510588372795
668.875502008032 0.164935716211082
670.883534136546 0.15414202211794
672.89156626506 0.137075023154507
674.899598393574 0.124452584732237
676.907630522088 0.115041583146345
678.915662650602 0.101642081251475
680.923694779116 0.0925879593750765
682.93172690763 0.0814700598590149
684.939759036145 0.07199583740821
686.947791164659 0.0631577890088913
688.955823293173 0.0550358827248077
690.963855421687 0.0485611688374261
692.971887550201 0.0413456632133597
694.979919678715 0.0354408115614842
696.987951807229 0.0308706776699666
698.995983935743 0.0253154476491551
701.004016064257 0.0230101437860561
703.012048192771 0.0216875897545853
705.020080321285 0.0172750989168571
707.028112449799 0.0164270912922123
709.036144578313 0.0128755233301354
711.044176706827 0.00997029966949768
713.052208835341 0.00973767362655355
715.060240963855 0.00945366684433332
717.06827309237 0.00847738586986058
719.076305220884 0.00636811215531167
721.084337349398 0.00811745620658969
723.092369477912 0.00735982896547199
725.100401606426 0.00660333124630368
727.10843373494 0.00428462603484989
729.116465863454 0.00595680330548503
731.124497991968 0.00315213921914868
733.132530120482 0.00499005361459865
735.140562248996 0.00604896805375232
737.14859437751 0.00645093529287337
739.156626506024 0.00281334685352855
741.164658634538 0.00353403500953098
743.172690763052 0.00145911646626381
745.180722891566 0.00324137973379383
747.18875502008 0.00263353665353756
749.196787148594 0.00266884377138356
751.204819277109 0.00393769802591991
753.212851405623 0.00403060145898193
755.220883534137 0.00290708233545831
757.228915662651 0.00247234438959581
759.236947791165 0.00332644537539881
761.244979919679 0.00294284431758255
763.253012048193 0.00436395123620536
765.261044176707 0.00204464503189288
767.269076305221 0.00354789843867965
769.277108433735 0.00203154254010178
771.285140562249 0.00471574418242466
773.293172690763 0.000963428514382899
775.301204819277 0.00352538234045405
777.309236947791 0.00589202499296007
779.317269076305 0.00181479645539013
781.325301204819 0.00350095337069228
783.333333333333 0.00528239397094019
785.341365461847 0.00434394411768401
787.349397590361 0.00215164843879406
789.357429718875 0.00192918624831079
791.36546184739 0.00287720149206025
793.373493975904 0.00429293913972599
795.381526104418 0.00113693335308689
797.389558232932 0.00270998645635662
799.397590361446 0.00726715119703031
801.40562248996 0.0048903920821302
803.413654618474 0.00307148598858303
805.421686746988 0.00435771080869764
807.429718875502 0.00247864432940665
809.437751004016 0.00292697561668503
811.44578313253 0.00506145796497176
813.453815261044 0.00322494039535025
815.461847389558 0.0013050118517747
817.469879518072 0.00130803816765886
819.477911646586 0.00221460862977554
821.4859437751 0.000870003876832402
823.493975903614 0.00225390862460152
825.502008032129 0.00191211609300353
827.510040160643 0.00556012298850644
829.518072289157 0.000686478841060635
831.526104417671 0.000858625764157545
833.534136546185 0.00135514863540513
835.542168674699 0.00188278693662401
837.550200803213 0.000313637965386601
839.558232931727 0.00334979111218365
841.566265060241 0.00319651922023655
843.574297188755 0.00100730570674118
845.582329317269 0.003811501607999
847.590361445783 -0.000375857877846646
849.598393574297 -0.000901410907693673
851.606425702811 0.00025199743271762
853.614457831325 0.0028779951303788
855.622489959839 0.00386485234241989
857.630522088353 0.00231029452164482
859.638554216868 0.00044931859352655
861.646586345382 0.00100131871413465
863.654618473896 0.00190175315491411
865.66265060241 -0.000306776238661049
867.670682730924 0.00205607594029778
869.678714859438 0.0021605142301338
871.686746987952 0.00122304230952233
873.694779116466 0.00255469182956382
875.70281124498 0.00129241804901904
877.710843373494 0.00298076167057828
879.718875502008 -0.000131044773562358
881.726907630522 0.00149520684752006
883.734939759036 -0.000395403604525212
885.74297188755 -0.000538829125946825
887.751004016064 0.000484747082089758
889.759036144578 0.00200298389996856
891.767068273092 -0.00027897545586134
893.775100401606 -0.000492318728170231
895.783132530121 2.87553763824985E-05
897.791164658635 0.000969478886711313
899.799196787149 0.000843473524685643
901.807228915663 0.000149724839152338
903.815261044177 0.000989461950457421
905.823293172691 0.00176105552210725
907.831325301205 0.00122084002114463
909.839357429719 0.00170738274322921
911.847389558233 -0.000784650539508617
913.855421686747 -3.63258658108255E-05
915.863453815261 0.000304562357855347
917.871485943775 0.000966137515099276
919.879518072289 -0.000492184174523996
921.887550200803 0.00153860722146574
923.895582329317 -0.00083297346249184
925.903614457831 -0.000255934333426637
927.911646586345 0.00116145504916424
929.919678714859 0.000308671222461959
931.927710843373 0.000502447967536544
933.935742971888 -0.000289605114821575
935.943775100402 0.000922519441666085
937.951807228916 -0.00331121353670606
939.95983935743 0.00105027894435363
941.967871485944 0.00412572252108302
943.975903614458 -0.00145712309267395
945.983935742972 0.00122342330633875
947.991967871486 0.00139442788877577
950 0.000279196474427613
