||CHANNELNAMES||	"Abs-A"
450 0.231439399607254
452.008032128514 0.241234192773272
454.016064257028 0.251770034262746
456.024096385542 0.259715624774309
458.032128514056 0.268334651163141
460.04016064257 0.277980152764656
462.048192771084 0.285022671406266
464.056224899598 0.296099986180911
466.064257028112 0.301676238814647
468.072289156626 0.310900361199498
470.080321285141 0.321914872917728
472.088353413655 0.332256855391759
474.096385542169 0.337802246948843
476.104417670683 0.348380101589653
478.112449799197 0.357602238732512
480.120481927711 0.365020953418356
482.128514056225 0.374228241301532
484.136546184739 0.380142440183868
486.144578313253 0.394612422266143
488.152610441767 0.398756915902278
490.160642570281 0.405544735705501
492.168674698795 0.415027611753698
494.176706827309 0.42104764478493
496.184738955823 0.431090439287257
498.192771084337 0.43981269719213
500.200803212851 0.445498433633453
502.208835341365 0.454451788942967
504.21686746988 0.459598806809512
506.224899598394 0.471396793368984
508.232931726908 0.476755633428622
510.240963855422 0.482100021217244
512.248995983936 0.490460790864257
514.25702811245 0.499364717578138
516.265060240964 0.507385067416198
518.273092369478 0.514133033350101
520.281124497992 0.521009276126824
522.289156626506 0.528086999973988
524.29718875502 0.533396494828934
526.305220883534 0.539369697542115
528.313253012048 0.547178465766992
530.321285140562 0.551789736456073
532.329317269076 0.558260041278442
534.33734939759 0.562612193394112
536.345381526104 0.567186042762758
538.353413654619 0.57235555442274
540.361445783133 0.573994007790148
542.369477911647 0.57754538664686
544.377510040161 0.580524657990434
546.385542168675 0.585141910322777
548.393574297189 0.583631764441435
550.401606425703 0.583537798402122
552.409638554217 0.586296686187499
554.417670682731 0.581110696026431
556.425702811245 0.579231054555261
558.433734939759 0.575514460201376
560.441767068273 0.571073589537131
562.449799196787 0.564664663890418
564.457831325301 0.559382476703576
566.465863453815 0.550111559661148
568.473895582329 0.540755373902203
570.481927710843 0.532368285840387
572.489959839357 0.519799702749713
574.497991967871 0.504722654002228
576.506024096386 0.489636168750444
578.5140562249 0.475848132120662
580.522088353414 0.455334099038338
582.530120481928 0.435404084191775
584.538152610442 0.418095006949394
586.546184738956 0.395630418691103
588.55421686747 0.373531222007826
590.562248995984 0.353887458547993
592.570281124498 0.329345303513217
594.578313253012 0.311280660803103
596.586345381526 0.288842329714171
598.59437751004 0.267875616748958
600.602409638554 0.247787934320552
602.610441767068 0.223807269032256
604.618473895582 0.205970431790333
606.626506024096 0.186165152195587
608.634538152611 0.171675295367075
610.642570281125 0.15430547762515
612.650602409639 0.141311219152356
614.658634538153 0.125418578892948
616.666666666667 0.115253595428703
618.674698795181 0.102170835836406
620.682730923695 0.0893616361370231
622.690763052209 0.0813586880904863
624.698795180723 0.0741373537732534
626.706827309237 0.0620406573339066
628.714859437751 0.0535423001743882
630.722891566265 0.0462439969916157
632.730923694779 0.0444212669928728
634.738955823293 0.0370483919787802
636.746987951807 0.0331637216681376
638.755020080321 0.0279314267127993
640.763052208835 0.0236358210071822
642.771084337349 0.0214710266172485
644.779116465863 0.0168672338447081
646.787148594378 0.0167114266469234
648.795180722892 0.0098731003095678
650.803212851406 0.0122342949049552
652.81124497992 0.0103640616314306
654.819277108434 0.00960227769731181
656.827309236948 0.00806104138553907
658.835341365462 0.0062888099606184
660.843373493976 0.00594481675816637
662.85140562249 0.00313462624693787
664.859437751004 0.00842580911623576
666.867469879518 0.0041122765690503
668.875502008032 0.00435867386230404
670.883534136546 0.00208135075925124
672.89156626506 0.00277224133859204
674.899598393574 0.00623585743320073
676.907630522088 0.00247085095144197
678.915662650602 0.00239623365157566
680.923694779116 0.00479942786360207
682.93172690763 0.00632354228063956
684.939759036145 0.00184572925576918
686.947791164659 0.00554956982075899
688.955823293173 0.0028370539355885
690.963855421687 0.00241958887720346
692.971887550201 0.00449607876603723
694.979919678715 0.00483269696501998
696.987951807229 0.00189146552388319
698.995983935743 0.0025799189164298
701.004016064257 0.00487646378020882
703.012048192771 0.00292064360969775
705.020080321285 0.0032299141069181
707.028112449799 0.0033625772446762
709.036144578313 0.00125931593472327
711.044176706827 0.00289512013080333
713.052208835341 0.00261075825851267
715.060240963855 0.00493526829406262
717.06827309237 0.00377757221007247
719.076305220884 0.00348172166421301
721.084337349398 0.00432970996280339
723.092369477912 0.00338278814477377
725.100401606426 0.00445804776853439
727.10843373494 0.00312414845712191
729.116465863454 0.0031399611684431
731.124497991968 0.00350730496742253
733.132530120482 0.00461668791750471
735.140562248996 0.00261502152365653
737.14859437751 0.00183555469578366
739.156626506024 0.00260543407517682
741.164658634538 0.00339245261703589
743.172690763052 0.00362740346832028
745.180722891566 0.000587665361118575
747.18875502008 0.00366241564947068
749.196787148594 0.00166886768758431
751.204819277109 0.00261188560586996
753.212851405623 0.00230440880903815
755.220883534137 0.00241414086678892
757.228915662651 0.00677158028587951
759.236947791165 0.00516594482123994
761.244979919679 0.00253693461800974
763.253012048193 0.00224240265355431
765.261044176707 0.00428994523268089
767.269076305221 0.00376996769905264
769.277108433735 0.00522085536507492
771.285140562249 0.00176852510505762
773.293172690763 0.00306625159246134
775.301204819277 0.00455333647404033
777.309236947791 0.00231102640603608
779.317269076305 0.00135045774522258
781.325301204819 0.00148894400841655
783.333333333333 0.000223482391214665
785.341365461847 0.00266766885021577
787.349397590361 0.000441221226603591
789.357429718875 0.00395115839583888
791.36546184739 0.00125572438935555
793.373493975904 0.00219861842796663
795.381526104418 0.00437339467496427
797.389558232932 0.00187600721412507
799.397590361446 0.00318327973325798
801.40562248996 0.0022555954506674
803.413654618474 -0.000707988860934575
805.421686746988 0.00362397803916463
807.429718875502 -0.000876530339888548
809.437751004016 -3.55695768186784E-05
811.44578313253 0.00276443786843962
813.453815261044 0.00264428264185261
815.461847389558 0.00204204641085049
817.469879518072 0.000418892888663176
819.477911646586 0.000999922857868968
821.4859437751 0.00243712208527244
823.493975903614 -0.000168151884177886
825.502008032129 -9.80776960613355E-05
827.510040160643 3.37569056373011E-05
829.518072289157 1.28483265258488E-05
831.526104417671 0.00184057808851208
833.534136546185 0.000563921974596755
835.542168674699 0.00252854258412924
837.550200803213 -0.00216064546989137
839.558232931727 -0.00218459656946512
841.566265060241 0.00154972425803619
843.574297188755 0.00234134052233205
845.582329317269 -0.00101177339512179
847.590361445783 0.00109699961221016
849.598393574297 0.001761366700412
851.606425702811 0.00139009783599832
853.614457831325 -0.00109069595001846
855.622489959839 7.01636605437144E-05
857.630522088353 0.000718469010784488
859.638554216868 0.000490940266237968
861.646586345382 0.000664734141298926
863.654618473896 -5.59159355463701E-06
865.66265060241 -0.000590402104644089
867.670682730924 -0.000199479453223781
869.678714859438 -0.00297979148019482
871.686746987952 0.00131709479066073
873.694779116466 -0.00093167087691253
875.70281124498 -0.000385601481198435
877.710843373494 0.00204204656076022
879.718875502008 -0.00106689018159708
881.726907630522 -0.000191682675320157
883.734939759036 0.00159401697935166
885.74297188755 -0.00106355775286343
887.751004016064 0.000523537980705392
889.759036144578 0.00118996455862554
891.767068273092 0.000466075690371629
893.775100401606 -0.000118354880892148
895.783132530121 0.00130206490541998
897.791164658635 0.000757201585993671
899.799196787149 0.00173188600404193
901.807228915663 -0.000185587732811477
903.815261044177 8.06276302085876E-05
905.823293172691 -0.00230349878170376
907.831325301205 -0.00141541265860631
909.839357429719 -0.00150517359479123
911.847389558233 0.000419793740121768
913.855421686747 0.000826046155646098
915.863453815261 -0.00144632230955656
917.871485943775 -0.0019932142463744
919.879518072289 -7.9266217619695E-05
921.887550200803 -0.0020332572577763
923.895582329317 0.000277866132088435
925.903614457831 -0.00312844758039001
927.911646586345 0.000517359260034942
929.919678714859 0.000493481488195681
931.927710843373 0.0011811453317106
933.935742971888 -0.00262221126915338
935.943775100402 0.00103999658311052
937.951807228916 0.000531389342629936
939.95983935743 0.00204309359958137
941.967871485944 0.00101877346936931
943.975903614458 -0.000837024538595175
945.983935742972 -4.48734583086562E-05
947.991967871486 -0.00159954781522666
950 0.00157971490622152
